# Filtered Button Coordinates (removed buttons adjacent to targets)

# Remaining Buttons:
-4715,85,5059 -4714,86,5061 -4713,89,5062 -4713,92,5061 -4708,92,5119 -4708,92,5121 -4611,99,5199 -4608,99,5199 -4605,99,5205 -4611,99,5084 -4611,99,5090 -4605,99,5084 -4605,99,5087 -4610,85,5102 -4609,87,5102 -4611,87,5134 -4608,92,5149 -4608,92,5151 -4608,94,5157 -4608,94,5159 -4606,95,5155 -4604,92,5149 -4604,92,5151 -4593,87,5130 -4591,87,5128 -4581,87,5134 -4593,95,5160 -4588,95,5154 -4588,95,5156 -4588,95,5160 -4584,96,5157 -4573,85,5105 -4569,93,5111 -4567,91,5109 -4567,91,5111 -4566,85,5106 -4568,90,5123 -4567,90,5118 -4578,87,5135 -4571,92,5154 -4700,94,5062 -4699,92,5062 -4698,84,5061 -4698,85,5062 -4707,86,5112 -4707,92,5123 -4707,92,5125 -4707,96,5125 -4705,96,5129 -4704,92,5119 -4704,92,5121 -4707,85,5137 -4707,88,5136 -4707,96,5131 -4707,96,5133 -4706,87,5136 -4705,85,5138 -4703,96,5131 -4550,87,5102 -4550,87,5104 -4549,89,5102 -4549,89,5104 -4559,90,5119 -4558,87,5118 -4557,87,5119 -4547,86,5118 -4684,91,5120 -4684,91,5128 -4682,90,5133 -4681,86,5137 -4660,84,5107 -4652,99,5167 -4649,98,5168 -4645,96,5169 -4649,93,5104 -4648,92,5104 -4645,84,5141 -4637,96,5180 -4635,96,5180 -4633,96,5180 -4631,96,5180 -4629,96,5180 -4632,97,5087 -4632,97,5093 -4631,96,5095 -4629,96,5095 -4632,90,5129 -4630,90,5129 -4643,96,5141 -4643,96,5143 -4639,87,5146 -4639,99,5146 -4638,99,5142 -4635,84,5133 -4633,90,5134 -4632,90,5133 -4630,90,5133 -4639,86,5147 -4621,84,5176 -4621,86,5177 -4627,96,5180 -4612,94,5189 -4627,92,5073 -4626,97,5087 -4626,97,5090 -4626,98,5092 -4626,99,5087 -4626,99,5090 -4624,99,5098 -4621,99,5097 -4620,98,5097 -4618,99,5098 -4624,99,5103 -4623,99,5103 -4619,99,5103 -4618,98,5101 -4617,90,5128 -4617,90,5134 -4614,89,5136 -4613,88,5136 -4612,84,5136 -4624,92,5154 -4619,95,5152 -4619,95,5154 -4614,95,5152 -4614,95,5154 

# Total remaining: 126
# Total removed: 1567

# Removed Buttons (were adjacent to targets):
-4711,92,5055 -4710,93,5055 -4710,94,5063 -4710,94,5065 -4709,93,5055 -4708,93,5055 -4709,92,5071 -4709,92,5073 -4709,92,5091 -4709,92,5093 -4723,107,5052 -4722,106,5062 -4720,111,5056 -4719,105,5053 -4719,105,5059 -4719,106,5062 -4719,111,5057 -4718,109,5055 -4718,110,5064 -4717,111,5051 -4717,111,5064 -4716,109,5052 -4716,111,5054 -4716,111,5060 -4715,109,5053 -4714,110,5055 -4713,105,5053 -4713,105,5056 -4713,106,5058 -4713,107,5053 -4713,107,5056 -4713,110,5056 -4712,109,5056 -4720,108,5081 -4718,105,5072 -4718,111,5067 -4717,107,5073 -4717,108,5080 -4716,106,5068 -4716,107,5080 -4716,111,5071 -4714,108,5076 -4714,108,5081 -4714,111,5069 -4713,107,5069 -4713,111,5074 -4709,101,5071 -4709,101,5073 -4720,108,5086 -4720,109,5084 -4719,105,5093 -4719,108,5086 -4718,107,5094 -4717,111,5092 -4715,108,5086 -4715,108,5097 -4715,109,5085 -4715,111,5090 -4714,107,5084 -4714,107,5090 -4714,111,5095 -4711,102,5093 -4718,106,5112 -4717,108,5113 -4716,105,5103 -4715,107,5104 -4714,111,5102 -4713,103,5114 -4713,108,5109 -4712,108,5107 -4712,111,5100 -4711,107,5100 -4711,111,5105 -4721,111,5129 -4720,107,5129 -4717,104,5128 -4716,104,5124 -4716,106,5129 -4715,110,5127 -4714,103,5118 -4714,109,5116 -4713,105,5119 -4713,110,5125 -4712,106,5125 -4712,109,5117 -4712,110,5130 -4710,106,5122 -4710,109,5115 -4709,105,5115 -4709,109,5120 -4708,111,5118 -4723,111,5131 -4721,108,5136 -4720,111,5134 -4717,104,5141 -4716,104,5137 -4716,106,5142 -4715,110,5140 -4713,107,5132 -4713,107,5145 -4713,110,5138 -4712,106,5138 -4712,110,5143 -4711,108,5140 -4708,103,5143 -4717,105,5151 -4716,105,5147 -4716,107,5152 -4715,111,5150 -4713,108,5155 -4713,111,5148 -4712,107,5148 -4712,111,5153 -4711,109,5150 -4709,103,5147 -4708,105,5148 -4611,91,5130 -4611,91,5131 -4611,91,5132 -4611,92,5154 -4610,92,5153 -4609,92,5154 -4607,93,5154 -4606,93,5153 -4605,93,5154 -4602,91,5155 -4601,91,5156 -4600,91,5155 -4598,92,5156 -4597,92,5157 -4596,92,5156 -4605,102,5064 -4604,106,5066 -4603,111,5066 -4602,106,5063 -4602,108,5065 -4602,109,5064 -4601,106,5064 -4601,111,5066 -4600,107,5066 -4599,102,5064 -4599,104,5064 -4611,102,5164 -4610,106,5166 -4610,107,5169 -4610,109,5165 -4609,107,5166 -4609,108,5167 -4609,111,5167 -4608,102,5170 -4608,108,5168 -4604,104,5171 -4604,104,5176 -4604,105,5174 -4604,108,5174 -4603,104,5176 -4602,108,5170 -4602,109,5175 -4601,104,5170 -4601,109,5176 -4601,111,5175 -4600,103,5170 -4600,109,5171 -4599,104,5176 -4599,105,5175 -4598,103,5174 -4598,104,5171 -4597,104,5165 -4596,106,5166 -4611,105,5181 -4611,108,5186 -4611,110,5183 -4610,106,5183 -4610,110,5184 -4609,101,5181 -4609,101,5184 -4609,102,5186 -4609,103,5181 -4609,103,5184 -4609,106,5184 -4608,105,5184 -4599,102,5186 -4599,102,5191 -4599,103,5189 -4599,106,5189 -4598,102,5191 -4597,106,5185 -4597,107,5190 -4596,102,5185 -4596,107,5191 -4596,109,5190 -4610,105,5202 -4610,108,5202 -4609,105,5201 -4609,106,5204 -4607,103,5201 -4607,104,5204 -4607,106,5200 -4606,104,5201 -4606,105,5202 -4606,108,5202 -4605,105,5203 -4597,100,5203 -4596,106,5206 -4596,109,5206 -4611,103,5070 -4611,109,5071 -4610,104,5076 -4610,105,5075 -4609,103,5074 -4609,104,5071 -4606,108,5067 -4605,102,5070 -4605,108,5068 -4602,108,5071 -4601,109,5069 -4600,108,5078 -4600,111,5067 -4599,102,5067 -4599,102,5075 -4599,102,5081 -4599,103,5069 -4599,104,5067 -4599,107,5067 -4599,108,5079 -4598,106,5067 -4598,106,5077 -4597,111,5077 -4596,106,5074 -4596,108,5076 -4596,108,5082 -4596,109,5075 -4609,102,5212 -4608,108,5215 -4608,111,5215 -4607,108,5214 -4607,109,5217 -4606,102,5212 -4605,106,5214 -4605,107,5217 -4605,109,5213 -4604,107,5214 -4604,108,5215 -4604,111,5215 -4603,102,5218 -4603,108,5216 -4598,103,5219 -4597,103,5215 -4597,105,5220 -4596,109,5218 -4611,105,5088 -4610,103,5086 -4609,108,5086 -4609,110,5087 -4608,103,5083 -4608,105,5085 -4608,105,5091 -4608,106,5084 -4607,103,5084 -4607,106,5089 -4607,108,5086 -4606,104,5086 -4606,108,5087 -4605,100,5089 -4605,101,5084 -4605,101,5087 -4605,104,5087 -4604,103,5087 -4599,108,5096 -4598,102,5093 -4598,108,5097 -4597,106,5095 -4596,111,5095 -4611,104,5107 -4611,105,5111 -4611,107,5100 -4610,103,5100 -4610,107,5105 -4610,107,5113 -4610,111,5114 -4609,105,5102 -4609,109,5103 -4605,102,5114 -4602,102,5114 -4598,102,5099 -4598,105,5106 -4598,105,5111 -4598,106,5109 -4598,109,5109 -4597,105,5111 -4596,109,5105 -4596,110,5110 -4611,109,5116 -4604,108,5117 -4604,111,5117 -4603,108,5116 -4603,109,5119 -4601,106,5116 -4601,107,5119 -4601,109,5115 -4600,107,5116 -4600,108,5117 -4600,111,5117 -4599,102,5120 -4599,108,5118 -4596,105,5123 -4596,105,5128 -4596,106,5126 -4596,109,5126 -4611,102,5134 -4610,106,5136 -4610,107,5139 -4610,109,5135 -4609,107,5136 -4609,108,5137 -4609,111,5137 -4608,102,5140 -4608,108,5138 -4605,104,5142 -4604,110,5145 -4603,110,5144 -4602,104,5142 -4601,108,5144 -4601,111,5143 -4600,103,5131 -4600,109,5144 -4600,110,5145 -4599,109,5134 -4599,110,5146 -4598,109,5133 -4598,110,5136 -4597,103,5131 -4596,107,5133 -4596,108,5136 -4596,110,5132 -4608,106,5157 -4608,106,5162 -4608,107,5160 -4608,110,5160 -4607,106,5162 -4606,110,5156 -4606,111,5161 -4605,106,5156 -4605,111,5162 -4604,105,5156 -4604,111,5157 -4603,106,5162 -4603,107,5161 -4603,111,5147 -4602,105,5160 -4602,106,5157 -4601,109,5147 -4599,104,5148 -4596,104,5161 -4594,93,5154 -4593,93,5153 -4592,93,5154 -4589,94,5155 -4588,94,5154 -4587,94,5155 -4582,92,5155 -4581,92,5154 -4580,92,5155 -4595,110,5164 -4593,107,5169 -4592,110,5167 -4591,108,5164 -4595,101,5185 -4595,107,5186 -4595,110,5188 -4594,102,5191 -4594,103,5190 -4593,101,5189 -4593,102,5186 -4585,104,5187 -4585,104,5192 -4585,105,5190 -4585,108,5190 -4584,104,5192 -4583,108,5186 -4583,109,5191 -4582,104,5186 -4582,109,5192 -4582,111,5191 -4581,103,5186 -4581,109,5187 -4580,104,5192 -4580,105,5191 -4595,106,5205 -4595,107,5208 -4594,100,5203 -4593,104,5205 -4593,105,5208 -4593,107,5204 -4592,105,5205 -4592,106,5206 -4592,109,5206 -4591,100,5209 -4591,106,5207 -4587,104,5198 -4587,104,5203 -4587,105,5201 -4587,108,5201 -4586,104,5203 -4585,108,5197 -4585,109,5202 -4584,104,5197 -4584,109,5203 -4584,111,5202 -4583,103,5197 -4583,109,5198 -4582,104,5203 -4582,105,5202 -4581,103,5201 -4581,104,5198 -4595,106,5075 -4595,109,5080 -4595,111,5077 -4594,107,5077 -4594,111,5078 -4593,102,5075 -4593,102,5078 -4593,103,5080 -4593,104,5075 -4593,104,5078 -4593,107,5078 -4592,106,5078 -4594,106,5223 -4594,109,5216 -4593,105,5216 -4593,109,5221 -4592,107,5218 -4592,111,5219 -4595,106,5092 -4595,108,5094 -4595,109,5093 -4594,106,5093 -4594,109,5098 -4594,111,5095 -4593,107,5095 -4593,111,5096 -4592,102,5093 -4592,102,5096 -4592,103,5098 -4592,104,5093 -4592,104,5096 -4592,107,5096 -4591,106,5096 -4595,105,5105 -4595,108,5100 -4595,110,5111 -4594,104,5105 -4594,110,5106 -4593,105,5111 -4593,106,5110 -4592,104,5109 -4592,105,5106 -4589,104,5113 -4586,104,5113 -4585,111,5114 -4595,105,5128 -4594,109,5122 -4594,110,5127 -4593,105,5122 -4593,110,5128 -4592,104,5122 -4592,110,5123 -4591,105,5128 -4591,106,5127 -4590,104,5126 -4590,105,5123 -4588,110,5116 -4587,110,5115 -4587,111,5118 -4585,108,5115 -4585,109,5118 -4584,109,5115 -4584,110,5116 -4583,104,5119 -4583,110,5117 -4595,108,5133 -4595,109,5134 -4594,103,5137 -4594,109,5135 -4593,110,5162 -4592,106,5162 -4579,103,5190 -4579,104,5187 -4707,92,5055 -4705,92,5055 -4704,93,5055 -4703,93,5055 -4702,93,5055 -4702,94,5063 -4702,94,5065 -4701,92,5055 -4707,93,5067 -4707,93,5069 -4706,94,5078 -4706,94,5080 -4705,93,5067 -4705,93,5069 -4703,92,5071 -4703,92,5073 -4706,93,5088 -4706,93,5090 -4703,92,5091 -4703,92,5093 -4705,92,5127 -4705,92,5129 -4707,92,5131 -4707,92,5133 -4694,93,5142 -4702,104,5066 -4701,110,5051 -4700,104,5054 -4700,110,5052 -4699,104,5066 -4697,110,5055 -4696,111,5053 -4694,104,5051 -4694,105,5053 -4694,106,5051 -4694,109,5051 -4693,106,5059 -4693,106,5065 -4693,108,5051 -4692,110,5061 -4703,101,5071 -4703,101,5073 -4701,110,5069 -4700,110,5068 -4700,111,5071 -4698,108,5068 -4698,109,5071 -4698,111,5067 -4697,107,5077 -4697,107,5082 -4697,108,5080 -4697,109,5068 -4697,110,5069 -4697,111,5080 -4696,104,5072 -4696,107,5082 -4696,110,5070 -4695,111,5076 -4694,107,5076 -4693,106,5076 -4692,107,5082 -4692,108,5081 -4701,102,5093 -4701,107,5088 -4701,107,5093 -4701,108,5091 -4701,111,5091 -4700,107,5093 -4699,111,5087 -4698,107,5087 -4697,106,5087 -4696,107,5093 -4696,108,5092 -4695,106,5091 -4695,107,5088 -4704,103,5114 -4703,103,5110 -4702,109,5113 -4701,105,5104 -4700,107,5105 -4700,109,5111 -4699,105,5111 -4699,111,5103 -4698,111,5114 -4697,108,5108 -4697,111,5101 -4696,107,5101 -4696,111,5106 -4706,104,5125 -4706,104,5127 -4704,105,5121 -4704,105,5123 -4703,103,5127 -4703,105,5115 -4702,104,5123 -4702,109,5130 -4701,104,5119 -4701,106,5124 -4700,106,5118 -4700,109,5128 -4700,110,5122 -4699,105,5128 -4699,109,5116 -4698,107,5127 -4698,107,5130 -4698,110,5120 -4697,106,5120 -4697,110,5125 -4696,108,5122 -4707,109,5146 -4705,109,5144 -4704,103,5131 -4704,105,5144 -4703,103,5140 -4703,105,5132 -4703,107,5146 -4702,103,5136 -4702,105,5141 -4701,109,5139 -4700,106,5135 -4699,106,5144 -4699,109,5133 -4699,109,5137 -4698,105,5137 -4698,109,5142 -4698,111,5131 -4697,107,5139 -4697,111,5140 -4694,103,5134 -4694,109,5146 -4693,105,5146 -4693,109,5137 -4692,104,5146 -4692,109,5136 -4692,110,5139 -4705,105,5156 -4705,106,5151 -4704,105,5152 -4704,107,5157 -4704,109,5149 -4703,111,5147 -4703,111,5155 -4701,108,5160 -4701,111,5153 -4700,107,5153 -4700,111,5158 -4699,109,5155 -4696,105,5147 -4696,105,5152 -4696,106,5150 -4696,109,5150 -4695,105,5152 -4694,110,5151 -4693,110,5152 -4692,110,5147 -4678,89,5120 -4678,90,5119 -4678,90,5120 -4676,89,5120 -4676,90,5119 -4676,90,5120 -4691,92,5143 -4688,93,5144 -4686,92,5139 -4686,92,5141 -4690,110,5058 -4689,110,5059 -4688,111,5061 -4687,106,5059 -4687,106,5062 -4687,107,5064 -4687,108,5059 -4687,108,5062 -4687,111,5062 -4686,110,5062 -4691,106,5080 -4691,107,5077 -4684,109,5097 -4683,103,5094 -4683,109,5098 -4682,107,5096 -4680,107,5093 -4680,109,5095 -4680,110,5094 -4679,107,5094 -4678,108,5096 -4677,103,5094 -4677,103,5097 -4677,105,5094 -4677,105,5097 -4677,108,5097 -4676,107,5097 -4691,109,5105 -4690,103,5102 -4690,103,5108 -4690,109,5106 -4689,107,5104 -4687,107,5101 -4687,109,5103 -4687,109,5109 -4687,110,5102 -4686,107,5102 -4686,110,5107 -4685,108,5104 -4684,103,5102 -4684,103,5105 -4684,104,5107 -4684,105,5102 -4684,105,5105 -4684,108,5105 -4683,103,5100 -4683,107,5105 -4680,109,5101 -4679,108,5111 -4679,110,5099 -4678,102,5108 -4678,102,5114 -4678,108,5112 -4677,104,5099 -4677,106,5110 -4676,111,5110 -4689,102,5123 -4688,108,5126 -4688,111,5126 -4687,108,5125 -4687,109,5128 -4686,102,5123 -4685,106,5125 -4685,107,5128 -4685,109,5124 -4684,107,5125 -4684,108,5126 -4684,111,5126 -4683,102,5129 -4683,108,5127 -4682,104,5117 -4682,104,5122 -4682,105,5120 -4682,108,5120 -4681,104,5122 -4680,108,5116 -4680,109,5121 -4679,104,5116 -4679,109,5122 -4679,111,5121 -4678,103,5116 -4678,109,5117 -4677,104,5122 -4677,105,5121 -4676,103,5120 -4676,104,5117 -4691,103,5134 -4690,107,5136 -4690,108,5139 -4690,110,5135 -4689,108,5136 -4689,109,5137 -4688,103,5140 -4688,109,5138 -4683,103,5144 -4683,107,5137 -4682,101,5134 -4682,101,5140 -4682,107,5138 -4682,107,5146 -4681,105,5136 -4680,107,5143 -4680,109,5145 -4680,110,5136 -4680,110,5144 -4679,105,5133 -4679,107,5135 -4679,107,5141 -4679,107,5144 -4679,108,5134 -4678,105,5134 -4678,108,5139 -4678,108,5146 -4678,110,5136 -4677,103,5144 -4677,105,5144 -4677,106,5136 -4677,110,5137 -4676,101,5134 -4676,101,5137 -4676,102,5139 -4676,103,5134 -4676,103,5137 -4676,106,5137 -4691,105,5152 -4691,106,5151 -4690,104,5150 -4690,105,5147 -4690,110,5156 -4689,104,5153 -4689,104,5159 -4689,110,5157 -4688,108,5155 -4686,108,5152 -4686,110,5154 -4686,110,5160 -4686,111,5153 -4685,108,5153 -4685,111,5158 -4684,109,5147 -4684,109,5155 -4683,103,5150 -4683,104,5153 -4683,104,5156 -4683,105,5158 -4683,106,5153 -4683,106,5156 -4683,109,5148 -4683,109,5156 -4682,108,5156 -4680,109,5151 -4679,110,5149 -4677,103,5147 -4677,104,5149 -4677,105,5147 -4677,108,5147 -4676,107,5147 -4662,102,5166 -4661,108,5169 -4661,111,5169 -4660,108,5168 -4660,109,5171 -4668,109,5193 -4667,103,5190 -4667,109,5194 -4666,107,5192 -4664,107,5189 -4664,109,5191 -4664,110,5190 -4663,107,5190 -4662,108,5182 -4662,108,5192 -4661,102,5179 -4661,102,5185 -4661,103,5190 -4661,103,5193 -4661,105,5190 -4661,105,5193 -4661,108,5183 -4661,108,5193 -4660,106,5181 -4660,107,5193 -4667,103,5196 -4664,109,5197 -4663,110,5195 -4661,104,5195 -4674,105,5086 -4674,105,5091 -4674,106,5089 -4674,109,5089 -4673,105,5091 -4672,109,5085 -4672,110,5090 -4671,105,5085 -4671,110,5091 -4670,104,5085 -4670,110,5086 -4669,105,5091 -4669,106,5090 -4668,104,5089 -4668,105,5086 -4666,104,5097 -4665,104,5093 -4665,106,5098 -4664,110,5096 -4662,110,5094 -4661,106,5094 -4660,105,5083 -4675,106,5107 -4675,108,5109 -4675,109,5108 -4674,106,5108 -4674,109,5113 -4674,111,5110 -4673,107,5110 -4673,111,5111 -4672,102,5108 -4672,102,5111 -4672,103,5113 -4672,104,5108 -4672,104,5111 -4672,107,5111 -4671,106,5111 -4666,102,5107 -4665,108,5110 -4665,111,5110 -4664,108,5109 -4664,109,5112 -4663,102,5107 -4662,106,5109 -4662,107,5101 -4662,107,5112 -4662,109,5108 -4661,107,5109 -4661,108,5110 -4661,110,5099 -4661,111,5110 -4660,102,5113 -4660,108,5111 -4675,108,5115 -4661,103,5122 -4660,103,5118 -4660,105,5123 -4675,105,5137 -4668,107,5152 -4667,101,5149 -4667,101,5155 -4667,107,5153 -4666,105,5151 -4665,110,5151 -4664,105,5148 -4664,107,5150 -4664,107,5156 -4664,108,5149 -4663,105,5149 -4663,108,5154 -4663,110,5151 -4662,106,5151 -4662,110,5152 -4661,101,5149 -4661,101,5152 -4661,102,5154 -4661,103,5149 -4661,103,5152 -4661,106,5152 -4660,105,5152 -4657,91,5102 -4656,91,5103 -4650,91,5103 -4646,89,5146 -4646,88,5147 -4646,88,5149 -4644,94,5158 -4659,102,5166 -4658,106,5168 -4658,106,5178 -4658,107,5171 -4658,109,5167 -4657,107,5168 -4657,108,5169 -4657,111,5169 -4656,102,5172 -4656,108,5170 -4654,101,5172 -4653,102,5165 -4653,107,5175 -4653,110,5175 -4652,104,5166 -4652,107,5174 -4652,108,5177 -4651,101,5172 -4651,108,5164 -4650,105,5174 -4650,106,5177 -4650,108,5173 -4649,105,5169 -4649,106,5174 -4649,107,5175 -4649,110,5175 -4648,101,5178 -4648,107,5176 -4648,108,5167 -4647,110,5165 -4659,108,5192 -4659,111,5181 -4658,102,5189 -4658,108,5180 -4658,108,5186 -4658,108,5193 -4658,109,5179 -4657,106,5179 -4657,106,5191 -4657,109,5184 -4657,111,5181 -4656,107,5181 -4656,111,5182 -4656,111,5191 -4655,102,5179 -4655,102,5182 -4655,103,5184 -4655,104,5179 -4655,104,5182 -4655,106,5188 -4655,107,5182 -4655,108,5190 -4655,109,5189 -4654,106,5182 -4654,106,5189 -4654,109,5194 -4654,111,5191 -4653,107,5191 -4653,111,5192 -4652,102,5189 -4652,102,5192 -4652,103,5194 -4652,104,5189 -4652,104,5192 -4652,107,5192 -4651,106,5192 -4647,106,5184 -4646,100,5181 -4646,100,5187 -4646,106,5185 -4645,104,5183 -4644,109,5183 -4644,111,5184 -4658,102,5195 -4655,108,5196 -4652,103,5201 -4651,103,5197 -4651,105,5202 -4650,109,5200 -4648,106,5205 -4648,109,5198 -4647,105,5198 -4647,109,5203 -4646,107,5200 -4646,111,5201 -4659,105,5079 -4658,111,5082 -4656,111,5080 -4655,107,5080 -4659,107,5084 -4656,108,5087 -4655,111,5085 -4652,103,5089 -4651,109,5092 -4650,109,5091 -4650,110,5094 -4649,103,5089 -4648,107,5091 -4648,108,5094 -4648,110,5090 -4647,108,5091 -4647,109,5092 -4646,103,5095 -4646,109,5093 -4655,103,5109 -4654,103,5105 -4654,105,5110 -4653,109,5108 -4651,106,5113 -4651,109,5106 -4650,105,5106 -4650,109,5111 -4649,111,5109 -4659,109,5121 -4657,102,5130 -4657,106,5126 -4657,109,5119 -4656,105,5119 -4656,109,5124 -4655,107,5121 -4655,111,5122 -4649,102,5124 -4648,102,5120 -4648,104,5125 -4647,108,5123 -4645,105,5128 -4645,108,5121 -4644,104,5121 -4644,108,5126 -4659,100,5142 -4658,102,5134 -4658,106,5145 -4658,109,5145 -4657,104,5135 -4657,106,5144 -4656,100,5142 -4656,108,5133 -4655,104,5144 -4655,107,5143 -4654,105,5138 -4654,105,5144 -4654,106,5145 -4654,108,5131 -4654,109,5145 -4653,104,5131 -4653,106,5146 -4653,108,5136 -4652,110,5134 -4657,106,5155 -4657,107,5147 -4656,100,5152 -4656,100,5158 -4656,106,5156 -4655,104,5154 -4655,105,5147 -4654,109,5154 -4654,111,5155 -4653,100,5148 -4653,104,5151 -4653,106,5153 -4653,106,5159 -4653,107,5152 -4652,102,5161 -4652,104,5152 -4652,107,5157 -4652,109,5154 -4651,105,5154 -4651,109,5155 -4650,100,5152 -4650,100,5155 -4650,101,5157 -4650,102,5152 -4650,102,5155 -4650,105,5155 -4649,104,5155 -4649,108,5162 -4648,104,5162 -4647,102,5152 -4647,102,5154 -4645,102,5148 -4645,102,5150 -4633,90,5178 -4631,90,5178 -4638,90,5179 -4638,90,5180 -4638,90,5181 -4633,90,5182 -4631,90,5182 -4635,91,5094 -4635,91,5095 -4635,91,5096 -4631,89,5093 -4631,89,5097 -4630,89,5092 -4629,89,5093 -4629,89,5097 -4628,89,5093 -4628,89,5097 -4640,89,5146 -4643,94,5158 -4642,94,5158 -4640,88,5147 -4640,88,5149 -4638,106,5163 -4636,102,5169 -4636,102,5174 -4636,103,5172 -4636,106,5172 -4635,102,5174 -4634,106,5168 -4634,107,5173 -4633,102,5168 -4633,107,5174 -4633,109,5173 -4632,101,5168 -4632,107,5169 -4632,108,5163 -4632,110,5171 -4631,102,5166 -4631,102,5174 -4631,103,5173 -4631,108,5164 -4630,101,5172 -4630,102,5169 -4628,107,5173 -4628,108,5167 -4643,104,5180 -4643,106,5182 -4643,106,5188 -4643,107,5181 -4642,104,5181 -4642,107,5186 -4642,109,5183 -4641,105,5183 -4641,109,5184 -4640,100,5181 -4640,100,5184 -4640,101,5186 -4640,102,5181 -4640,102,5184 -4640,105,5184 -4639,104,5184 -4630,101,5189 -4630,101,5194 -4630,102,5192 -4630,105,5192 -4629,101,5194 -4628,105,5188 -4628,106,5193 -4639,103,5196 -4639,103,5201 -4639,104,5199 -4639,107,5199 -4638,103,5201 -4637,107,5195 -4637,108,5200 -4636,103,5195 -4636,108,5201 -4636,110,5200 -4635,102,5195 -4635,108,5196 -4635,111,5198 -4634,103,5201 -4634,104,5200 -4633,102,5199 -4633,103,5196 -4632,104,5204 -4632,104,5209 -4632,105,5207 -4632,108,5207 -4631,104,5209 -4630,108,5203 -4630,109,5208 -4629,104,5203 -4629,109,5209 -4629,111,5208 -4628,103,5203 -4628,109,5204 -4638,106,5082 -4636,109,5073 -4635,103,5070 -4635,103,5076 -4635,109,5074 -4634,107,5072 -4632,107,5069 -4632,109,5071 -4632,109,5077 -4632,110,5070 -4631,107,5070 -4631,110,5075 -4630,108,5072 -4629,103,5070 -4629,103,5073 -4629,104,5075 -4629,105,5070 -4629,105,5073 -4629,108,5073 -4628,107,5073 -4642,108,5086 -4641,102,5083 -4641,102,5089 -4641,108,5087 -4640,106,5085 -4639,111,5085 -4638,108,5084 -4638,108,5090 -4638,109,5083 -4637,106,5083 -4637,109,5088 -4637,111,5085 -4636,107,5085 -4636,111,5086 -4635,102,5083 -4635,102,5086 -4635,103,5088 -4635,104,5083 -4635,104,5086 -4635,107,5086 -4634,106,5086 -4633,103,5090 -4632,103,5091 -4631,101,5089 -4630,106,5089 -4630,108,5090 -4629,101,5086 -4629,103,5088 -4629,103,5094 -4629,104,5087 -4628,101,5087 -4628,104,5092 -4628,106,5089 -4636,104,5106 -4636,104,5111 -4636,105,5109 -4636,108,5109 -4635,104,5111 -4634,108,5105 -4634,109,5110 -4633,102,5114 -4633,104,5105 -4633,109,5111 -4633,111,5110 -4632,103,5105 -4632,109,5106 -4631,104,5111 -4631,105,5110 -4630,102,5114 -4630,103,5109 -4630,104,5106 -4643,106,5123 -4643,110,5124 -4632,108,5117 -4632,111,5117 -4631,108,5116 -4631,109,5119 -4629,106,5116 -4629,107,5119 -4629,109,5115 -4628,107,5116 -4628,108,5117 -4628,111,5117 -4643,100,5137 -4643,102,5144 -4643,102,5146 -4642,100,5133 -4642,102,5138 -4641,106,5136 -4639,103,5141 -4639,106,5134 -4638,102,5134 -4638,106,5139 -4637,105,5145 -4637,108,5137 -4635,105,5143 -4634,101,5143 -4633,103,5145 -4633,107,5146 -4642,106,5159 -4641,100,5156 -4641,100,5162 -4641,106,5160 -4640,104,5158 -4639,109,5158 -4639,111,5159 -4638,101,5147 -4638,104,5155 -4638,106,5157 -4638,107,5156 -4637,104,5156 -4637,107,5161 -4637,109,5158 -4636,105,5158 -4636,109,5159 -4635,100,5156 -4635,100,5159 -4635,101,5161 -4635,102,5150 -4635,102,5156 -4635,102,5159 -4635,105,5159 -4634,104,5159 -4634,105,5148 -4631,102,5152 -4631,102,5157 -4631,102,5160 -4631,103,5155 -4631,106,5155 -4630,102,5157 -4630,106,5162 -4629,106,5151 -4629,107,5156 -4629,111,5162 -4628,102,5151 -4628,106,5159 -4628,107,5157 -4628,108,5161 -4628,109,5156 -4628,109,5160 -4627,89,5098 -4626,89,5093 -4626,89,5097 -4625,87,5093 -4625,87,5097 -4624,87,5092 -4624,87,5098 -4623,87,5093 -4623,87,5097 -4622,87,5093 -4622,87,5097 -4620,87,5093 -4620,87,5097 -4624,91,5130 -4624,91,5131 -4624,91,5132 -4620,91,5153 -4619,91,5152 -4618,91,5153 -4616,92,5157 -4615,92,5158 -4614,92,5157 -4627,101,5170 -4627,101,5176 -4627,107,5174 -4627,109,5165 -4626,105,5172 -4626,111,5163 -4625,102,5163 -4625,103,5165 -4625,104,5163 -4625,107,5163 -4625,110,5172 -4624,105,5169 -4624,106,5163 -4624,107,5171 -4624,107,5177 -4624,108,5170 -4623,105,5170 -4623,108,5175 -4623,110,5172 -4622,106,5172 -4622,110,5173 -4621,101,5170 -4621,101,5173 -4621,102,5175 -4621,103,5170 -4621,103,5173 -4621,106,5173 -4620,105,5173 -4615,102,5163 -4614,102,5164 -4613,108,5167 -4613,111,5167 -4612,108,5166 -4612,109,5169 -4627,101,5188 -4627,106,5194 -4627,108,5193 -4626,100,5188 -4626,106,5189 -4626,109,5191 -4625,101,5194 -4625,102,5193 -4624,100,5192 -4624,101,5189 -4620,101,5193 -4617,107,5194 -4616,103,5194 -4616,107,5184 -4615,101,5181 -4615,101,5187 -4615,107,5185 -4614,105,5183 -4613,110,5183 -4612,105,5180 -4612,107,5182 -4612,107,5188 -4612,108,5181 -4627,104,5209 -4627,105,5208 -4626,103,5207 -4626,104,5204 -4621,101,5197 -4621,103,5206 -4620,103,5198 -4620,109,5209 -4619,107,5196 -4619,109,5208 -4618,103,5206 -4617,104,5201 -4617,107,5208 -4617,110,5207 -4616,107,5199 -4616,108,5208 -4616,109,5209 -4615,105,5196 -4615,109,5197 -4615,109,5210 -4621,106,5082 -4620,102,5082 -4619,101,5082 -4615,104,5071 -4615,104,5076 -4615,105,5074 -4615,108,5074 -4614,104,5076 -4613,108,5070 -4613,109,5075 -4612,104,5070 -4612,109,5076 -4612,111,5075 -4619,110,5211 -4617,108,5211 -4615,103,5212 -4627,102,5089 -4627,106,5090 -4626,102,5090 -4625,101,5090 -4623,102,5083 -4623,102,5088 -4623,103,5086 -4623,106,5086 -4622,102,5088 -4622,103,5097 -4621,107,5087 -4620,104,5098 -4620,107,5088 -4620,109,5087 -4619,107,5083 -4619,110,5085 -4618,102,5088 -4618,103,5087 -4617,101,5086 -4617,102,5083 -4612,105,5087 -4624,100,5101 -4624,103,5101 -4622,104,5102 -4621,104,5103 -4621,106,5102 -4620,107,5100 -4619,100,5102 -4616,103,5114 -4615,101,5103 -4615,103,5110 -4614,101,5099 -4614,103,5104 -4614,109,5113 -4613,107,5102 -4612,109,5111 -4627,102,5120 -4627,108,5118 -4618,104,5121 -4618,104,5126 -4618,105,5124 -4618,108,5124 -4617,104,5126 -4616,108,5120 -4616,109,5125 -4615,104,5120 -4615,105,5115 -4615,109,5126 -4615,111,5125 -4614,103,5120 -4614,109,5121 -4613,104,5126 -4613,105,5125 -4612,103,5124 -4612,104,5121 -4612,106,5118 -4626,108,5143 -4625,102,5140 -4625,102,5146 -4625,108,5144 -4624,106,5142 -4623,111,5142 -4622,106,5139 -4622,108,5141 -4622,109,5140 -4621,106,5140 -4621,109,5145 -4621,111,5142 -4620,107,5142 -4620,111,5143 -4619,102,5140 -4619,102,5143 -4619,103,5145 -4619,104,5140 -4619,104,5143 -4619,107,5143 -4618,106,5143 -4614,102,5134 -4613,108,5137 -4613,111,5137 -4612,108,5136 -4612,109,5139 -4627,101,5151 -4627,106,5160 -4627,107,5152 -4627,110,5154 -4627,111,5162 -4626,102,5157 -4626,103,5156 -4626,107,5162 -4625,101,5155 -4625,102,5152 -4625,102,5160 -4625,104,5160 -4622,108,5147 -4621,102,5157 -4620,108,5160 -4620,111,5160 -4619,108,5159 -4619,109,5162 -4618,102,5157 -4617,106,5159 -4617,107,5162 -4617,109,5158 -4616,107,5159 -4616,108,5160 -4616,111,5160 -4615,108,5161 
