SLIME MAZE SOLUTION (seed 2)
All 10 entries funnel to the trunk top at (4852, 255, 2960).
Finish: one block at y=-64

At each fork you bounce off the parent block; take the CORRECT
child. Compass: +X=E, -X=W, +Z=S, -Z=N.

Fork  1 @ y= 246  from (4629, 238, 3359):
    CORRECT -> (4635, 237, 3359)  heading E
    decoy   -> (4634, 237, 3363)  heading SE
Fork  2 @ y= 240  from (4644, 232, 3333):
    CORRECT -> (4639, 231, 3329)  heading NW
    decoy   -> (4643, 231, 3327)  heading N
Fork  3 @ y= 231  from (4594, 223, 3332):
    CORRECT -> (4592, 222, 3326)  heading N
    decoy   -> (4588, 222, 3330)  heading W
Fork  4 @ y= 222  from (4606, 214, 3284):
    CORRECT -> (4601, 213, 3280)  heading NW
    decoy   -> (4605, 213, 3278)  heading N
Fork  5 @ y= 200  from (4537, 192, 3282):
    CORRECT -> (4530, 191, 3282)  heading W
    decoy   -> (4532, 191, 3278)  heading NW
Fork  6 @ y= 191  from (4530, 183, 3324):
    CORRECT -> (4528, 182, 3330)  heading S
    decoy   -> (4533, 182, 3330)  heading SE
Fork  7 @ y= 182  from (4500, 174, 3314):
    CORRECT -> (4504, 173, 3309)  heading NE
    decoy   -> (4499, 173, 3308)  heading N
Fork  8 @ y= 173  from (4501, 165, 3264):
    CORRECT -> (4506, 164, 3262)  heading E
    decoy   -> (4503, 164, 3259)  heading N
Fork  9 @ y= 153  from (4513, 145, 3258):
    CORRECT -> (4511, 144, 3264)  heading S
    decoy   -> (4507, 144, 3261)  heading SW
Fork 10 @ y= 144  from (4531, 136, 3304):
    CORRECT -> (4527, 135, 3309)  heading SW
    decoy   -> (4532, 135, 3311)  heading S
Fork 11 @ y= 132  from (4484, 124, 3330):
    CORRECT -> (4488, 123, 3334)  heading SE
    decoy   -> (4484, 123, 3337)  heading S
Fork 12 @ y= 126  from (4516, 118, 3326):
    CORRECT -> (4520, 117, 3321)  heading NE
    decoy   -> (4522, 117, 3325)  heading E
Fork 13 @ y= 119  from (4502, 111, 3297):
    CORRECT -> (4496, 110, 3300)  heading SW
    decoy   -> (4496, 110, 3295)  heading W
Fork 14 @ y= 110  from (4482, 102, 3342):
    CORRECT -> (4476, 101, 3343)  heading W
    decoy   -> (4478, 101, 3347)  heading SW
Fork 15 @ y= 101  from (4478, 93, 3307):
    CORRECT -> (4483, 92, 3304)  heading NE
    decoy   -> (4480, 92, 3301)  heading N
Fork 16 @ y=  84  from (4451, 76, 3341):
    CORRECT -> (4451, 75, 3348)  heading S
    decoy   -> (4447, 75, 3346)  heading SW
Fork 17 @ y=  60  from (4475, 52, 3430):
    CORRECT -> (4479, 51, 3425)  heading NE
    decoy   -> (4481, 51, 3429)  heading E
Fork 18 @ y=  55  from (4487, 47, 3402):
    CORRECT -> (4492, 46, 3399)  heading NE
    decoy   -> (4489, 46, 3396)  heading N
Fork 19 @ y=  50  from (4500, 42, 3376):
    CORRECT -> (4504, 41, 3372)  heading NE
    decoy   -> (4500, 41, 3370)  heading N
Fork 20 @ y=  45  from (4527, 37, 3374):
    CORRECT -> (4530, 36, 3380)  heading SE
    decoy   -> (4533, 36, 3376)  heading E
Fork 21 @ y=  40  from (4531, 32, 3404):
    CORRECT -> (4527, 31, 3409)  heading SW
    decoy   -> (4532, 31, 3411)  heading S
Fork 22 @ y=  33  from (4492, 25, 3405):
    CORRECT -> (4487, 24, 3407)  heading W
    decoy   -> (4486, 24, 3403)  heading W
Fork 23 @ y=  21  from (4523, 13, 3425):
    CORRECT -> (4529, 12, 3427)  heading E
    decoy   -> (4528, 12, 3422)  heading NE
Fork 24 @ y=  15  from (4555, 7, 3425):
    CORRECT -> (4561, 6, 3422)  heading NE
    decoy   -> (4557, 6, 3419)  heading N
Fork 25 @ y=  10  from (4584, 2, 3430):
    CORRECT -> (4590, 1, 3429)  heading E
    decoy   -> (4589, 1, 3434)  heading SE
Fork 26 @ y=  -5  from (4580, -13, 3383):
    CORRECT -> (4578, -14, 3389)  heading S
    decoy   -> (4574, -14, 3386)  heading SW
Fork 27 @ y= -12  from (4587, -20, 3423):
    CORRECT -> (4583, -21, 3428)  heading SW
    decoy   -> (4587, -21, 3429)  heading S
Fork 28 @ y= -27  from (4521, -35, 3420):
    CORRECT -> (4516, -36, 3423)  heading SW
    decoy   -> (4519, -36, 3426)  heading S
Fork 29 @ y= -33  from (4491, -41, 3407):
    CORRECT -> (4485, -42, 3405)  heading W
    decoy   -> (4488, -42, 3402)  heading NW
Fork 30 @ y= -39  from (4463, -47, 3424):
    CORRECT -> (4461, -48, 3430)  heading S
    decoy   -> (4457, -48, 3427)  heading SW
Fork 31 @ y= -44  from (4475, -52, 3448):
    CORRECT -> (4481, -53, 3447)  heading E
    decoy   -> (4480, -53, 3452)  heading SE

Braids - forks where BOTH choices win (arms rejoin the trunk lower down):
Braid 1: fork @ (4494, 105, 3329) y=113 -> rejoins the trunk @ (4503, 88, 3315) y=96 (16 bounces around)

Winning-path coordinates (trunk top to bottom):
4619 247 3389
4613 246 3387
4608 245 3383
4605 244 3377
4605 243 3371
4607 242 3365
4611 241 3360
4617 240 3357
4623 239 3357
4629 238 3359
4635 237 3359
4641 236 3356
4645 235 3351
4647 234 3345
4647 233 3339
4644 232 3333
4639 231 3329
4633 230 3327
4627 229 3327
4621 228 3330
4617 227 3335
4611 226 3338
4605 225 3338
4599 224 3336
4594 223 3332
4592 222 3326
4591 221 3320
4593 220 3314
4597 219 3309
4603 218 3307
4607 217 3302
4609 216 3296
4609 215 3290
4606 214 3284
4601 213 3280
4595 212 3278
4589 211 3278
4583 210 3281
4579 209 3286
4577 208 3292
4577 207 3298
4580 206 3304
4581 205 3310
4579 204 3316
4575 203 3321
4569 202 3324
4563 201 3324
4557 200 3322
4552 199 3318
4549 198 3312
4549 197 3306
4551 196 3300
4550 195 3294
4547 194 3288
4543 193 3284
4537 192 3282
4530 191 3282
4525 190 3285
4521 189 3290
4519 188 3296
4519 187 3302
4522 186 3308
4527 185 3312
4529 184 3318
4530 183 3324
4528 182 3330
4524 181 3335
4518 180 3338
4512 179 3338
4506 178 3336
4501 177 3332
4498 176 3326
4498 175 3320
4500 174 3314
4504 173 3309
4506 172 3303
4505 171 3297
4503 170 3291
4498 169 3287
4495 168 3282
4495 167 3275
4497 166 3269
4501 165 3264
4506 164 3262
4513 163 3261
4519 162 3263
4523 161 3267
4526 160 3273
4531 159 3277
4537 158 3279
4543 157 3279
4549 156 3276
4553 155 3271
4555 154 3265
4555 153 3259
4552 152 3253
4547 151 3249
4541 150 3247
4535 149 3248
4529 148 3250
4523 147 3251
4517 146 3254
4513 145 3258
4511 144 3264
4511 143 3271
4514 142 3276
4519 141 3280
4525 140 3282
4530 139 3286
4533 138 3292
4533 137 3298
4531 136 3304
4527 135 3309
4521 134 3312
4515 133 3312
4509 132 3310
4504 131 3306
4498 130 3304
4492 129 3305
4486 128 3308
4482 127 3312
4480 126 3318
4481 125 3325
4484 124 3330
4488 123 3334
4494 122 3336
4501 121 3336
4506 120 3333
4510 119 3328
4516 118 3326
4520 117 3321
4522 116 3315
4522 115 3308
4519 114 3303
4514 113 3299
4508 112 3297
4502 111 3297
4496 110 3300
4492 109 3305
4490 108 3311
4490 107 3317
4493 106 3323
4494 105 3329
4492 104 3335
4488 103 3340
4482 102 3342
4476 101 3343
4470 100 3341
4465 99 3337
4462 98 3331
4462 97 3325
4464 96 3319
4468 95 3314
4473 94 3311
4478 93 3307
4483 92 3304
4489 91 3303
4495 90 3305
4500 89 3309
4503 88 3315
4504 87 3321
4502 86 3327
4497 85 3332
4492 84 3335
4485 83 3335
4479 82 3333
4475 81 3329
4469 80 3327
4462 79 3328
4457 78 3331
4453 77 3335
4451 76 3341
4451 75 3348
4454 74 3353
4459 73 3357
4465 72 3359
4471 71 3359
4477 70 3361
4482 69 3365
4485 68 3371
4485 67 3377
4483 66 3383
4479 65 3388
4473 64 3390
4467 63 3391
4461 62 3394
4457 61 3398
4455 60 3404
4451 59 3409
4449 58 3415
4450 57 3421
4452 56 3427
4457 55 3431
4463 54 3433
4469 53 3433
4475 52 3430
4479 51 3425
4481 50 3419
4481 49 3413
4483 48 3407
4487 47 3402
4492 46 3399
4497 45 3395
4499 44 3389
4498 43 3382
4500 42 3376
4504 41 3372
4510 40 3369
4516 39 3368
4522 38 3370
4527 37 3374
4530 36 3380
4530 35 3386
4533 34 3392
4533 33 3398
4531 32 3404
4527 31 3409
4522 30 3412
4515 29 3412
4509 28 3410
4505 27 3406
4499 26 3404
4492 25 3405
4487 24 3407
4483 23 3412
4481 22 3418
4481 21 3424
4484 20 3430
4489 19 3434
4495 18 3436
4501 17 3436
4507 16 3433
4511 15 3428
4516 14 3425
4523 13 3425
4529 12 3427
4533 11 3431
4539 10 3433
4546 9 3433
4551 8 3430
4555 7 3425
4561 6 3422
4567 5 3422
4573 4 3424
4578 3 3428
4584 2 3430
4590 1 3429
4596 0 3427
4600 -1 3422
4602 -2 3416
4602 -3 3410
4604 -4 3404
4608 -5 3399
4610 -6 3393
4609 -7 3387
4606 -8 3381
4602 -9 3377
4596 -10 3375
4589 -11 3375
4584 -12 3378
4580 -13 3383
4578 -14 3389
4578 -15 3395
4581 -16 3401
4586 -17 3405
4588 -18 3411
4589 -19 3417
4587 -20 3423
4583 -21 3428
4577 -22 3430
4571 -23 3431
4565 -24 3429
4560 -25 3425
4557 -26 3419
4557 -27 3413
4554 -28 3407
4549 -29 3403
4543 -30 3401
4537 -31 3401
4531 -32 3404
4527 -33 3409
4525 -34 3415
4521 -35 3420
4516 -36 3423
4509 -37 3423
4503 -38 3421
4499 -39 3417
4496 -40 3411
4491 -41 3407
4485 -42 3405
4479 -43 3406
4473 -44 3408
4469 -45 3413
4467 -46 3419
4463 -47 3424
4461 -48 3430
4461 -49 3436
4464 -50 3442
4469 -51 3446
4475 -52 3448
4481 -53 3447
4487 -54 3445
4491 -55 3440
4493 -56 3434
4492 -57 3428
4494 -58 3422
4499 -59 3417
4504 -60 3414
4510 -61 3414
4516 -62 3416
4521 -63 3420
4524 -64 3425
4529 -65 3430
4535 -66 3432
4539 -67 3436
4542 -68 3441
4543 -69 3448
4541 -70 3454
4537 -71 3458
4531 -72 3461
