SLIME MAZE SOLUTION (seed 13)
All 10 entries funnel to the trunk top at (4852, 255, 2960).
Finish: one block at y=-64

At each fork you bounce off the parent block; take the CORRECT
child. Compass: +X=E, -X=W, +Z=S, -Z=N.

Fork  1 @ y= 244  from (4873, 244, 2936):
    CORRECT -> (4879, 243, 2936)  heading E
    decoy   -> (4878, 243, 2940)  heading SE
Fork  2 @ y= 238  from (4888, 238, 2910):
    CORRECT -> (4883, 237, 2906)  heading NW
    decoy   -> (4887, 237, 2904)  heading N
Fork  3 @ y= 223  from (4880, 223, 2949):
    CORRECT -> (4883, 222, 2955)  heading SE
    decoy   -> (4886, 222, 2951)  heading E
Fork  4 @ y= 208  from (4843, 208, 3011):
    CORRECT -> (4839, 207, 3016)  heading SW
    decoy   -> (4843, 207, 3018)  heading S
Fork  5 @ y= 199  from (4796, 199, 3002):
    CORRECT -> (4791, 198, 3005)  heading SW
    decoy   -> (4790, 198, 3000)  heading W
Fork  6 @ y= 192  from (4786, 192, 3040):
    CORRECT -> (4782, 191, 3045)  heading SW
    decoy   -> (4787, 191, 3046)  heading S
Fork  7 @ y= 187  from (4759, 187, 3042):
    CORRECT -> (4757, 186, 3036)  heading N
    decoy   -> (4754, 186, 3040)  heading W
Fork  8 @ y= 166  from (4734, 166, 3033):
    CORRECT -> (4728, 165, 3034)  heading W
    decoy   -> (4730, 165, 3038)  heading SW
Fork  9 @ y= 159  from (4715, 159, 3003):
    CORRECT -> (4712, 158, 2998)  heading NW
    decoy   -> (4717, 158, 2997)  heading N
Fork 10 @ y= 151  from (4681, 151, 2974):
    CORRECT -> (4683, 150, 2968)  heading N
    decoy   -> (4679, 150, 2968)  heading N
Fork 11 @ y= 140  from (4720, 140, 2936):
    CORRECT -> (4715, 139, 2932)  heading NW
    decoy   -> (4720, 139, 2930)  heading N
Fork 12 @ y= 119  from (4706, 119, 2931):
    CORRECT -> (4708, 118, 2925)  heading N
    decoy   -> (4703, 118, 2925)  heading NW
Fork 13 @ y= 112  from (4738, 112, 2928):
    CORRECT -> (4742, 111, 2933)  heading SE
    decoy   -> (4738, 111, 2935)  heading S
Fork 14 @ y= 103  from (4763, 103, 2902):
    CORRECT -> (4765, 102, 2896)  heading N
    decoy   -> (4760, 102, 2897)  heading NW
Fork 15 @ y=  95  from (4795, 95, 2906):
    CORRECT -> (4798, 94, 2912)  heading SE
    decoy   -> (4793, 94, 2912)  heading S
Fork 16 @ y=  86  from (4823, 86, 2892):
    CORRECT -> (4823, 85, 2886)  heading N
    decoy   -> (4818, 85, 2888)  heading NW
Fork 17 @ y=  77  from (4863, 77, 2866):
    CORRECT -> (4865, 76, 2860)  heading N
    decoy   -> (4868, 76, 2863)  heading NE
Fork 18 @ y=  64  from (4867, 64, 2814):
    CORRECT -> (4871, 63, 2818)  heading SE
    decoy   -> (4873, 63, 2813)  heading E
Fork 19 @ y=  45  from (4933, 45, 2826):
    CORRECT -> (4936, 44, 2831)  heading SE
    decoy   -> (4939, 44, 2828)  heading E
Fork 20 @ y=  31  from (4950, 31, 2886):
    CORRECT -> (4952, 30, 2891)  heading S
    decoy   -> (4956, 30, 2888)  heading E
Fork 21 @ y=   9  from (4981, 9, 2894):
    CORRECT -> (4987, 8, 2896)  heading E
    decoy   -> (4987, 8, 2891)  heading NE
Fork 22 @ y=   3  from (4994, 3, 2924):
    CORRECT -> (4997, 2, 2930)  heading SE
    decoy   -> (4992, 2, 2930)  heading S
Fork 23 @ y=  -2  from (5020, -2, 2937):
    CORRECT -> (5024, -3, 2941)  heading SE
    decoy   -> (5026, -3, 2937)  heading E
Fork 24 @ y= -22  from (4965, -22, 3010):
    CORRECT -> (4959, -23, 3010)  heading W
    decoy   -> (4960, -23, 3005)  heading NW
Fork 25 @ y= -36  from (4906, -36, 3056):
    CORRECT -> (4906, -37, 3062)  heading S
    decoy   -> (4901, -37, 3061)  heading SW
Fork 26 @ y= -43  from (4937, -43, 3080):
    CORRECT -> (4939, -44, 3085)  heading S
    decoy   -> (4943, -44, 3082)  heading E

Braids - forks where BOTH choices win (arms rejoin the trunk lower down):
Braid 1: fork @ (4718, 116, 2917) y=116 -> rejoins the trunk @ (4781, 99, 2888) y=99 (16 bounces around)
Braid 2: fork @ (5028, -5, 2953) y=-5 -> rejoins the trunk @ (4983, -19, 3008) y=-19 (13 bounces around)
Braid 3: fork @ (4689, 130, 2967) y=130 -> rejoins the trunk @ (4760, 108, 2931) y=108 (21 bounces around)

Winning-path coordinates (trunk top to bottom):
4852 255 2960
4846 254 2958
4841 253 2954
4838 252 2948
4838 251 2942
4840 250 2936
4844 249 2931
4850 248 2928
4856 247 2928
4862 246 2930
4867 245 2934
4873 244 2936
4879 243 2936
4885 242 2933
4889 241 2928
4891 240 2922
4890 239 2916
4888 238 2910
4883 237 2906
4877 236 2904
4871 235 2904
4865 234 2907
4861 233 2912
4855 232 2915
4851 231 2920
4849 230 2926
4849 229 2932
4852 228 2938
4857 227 2942
4863 226 2944
4869 225 2943
4875 224 2945
4880 223 2949
4883 222 2955
4883 221 2961
4881 220 2967
4877 219 2972
4872 218 2975
4865 217 2975
4859 216 2973
4853 215 2974
4847 214 2977
4843 213 2981
4841 212 2987
4842 211 2994
4844 210 2999
4845 209 3005
4843 208 3011
4839 207 3016
4833 206 3019
4827 205 3019
4821 204 3017
4816 203 3013
4813 202 3008
4809 201 3004
4803 200 3002
4796 199 3002
4791 198 3005
4787 197 3010
4785 196 3016
4785 195 3022
4788 194 3027
4788 193 3034
4786 192 3040
4782 191 3045
4777 190 3047
4770 189 3048
4764 188 3046
4759 187 3042
4757 186 3036
4756 185 3030
4758 184 3024
4762 183 3019
4768 182 3016
4772 181 3011
4774 180 3005
4774 179 2999
4771 178 2994
4766 177 2989
4760 176 2987
4754 175 2988
4748 174 2991
4744 173 2995
4742 172 3001
4743 171 3008
4745 170 3013
4746 169 3020
4744 168 3026
4740 167 3030
4734 166 3033
4728 165 3034
4722 164 3032
4717 163 3027
4714 162 3022
4714 161 3016
4716 160 3010
4715 159 3003
4712 158 2998
4708 157 2994
4702 156 2992
4695 155 2992
4689 154 2990
4685 153 2986
4682 152 2980
4681 151 2974
4683 150 2968
4688 149 2963
4693 148 2960
4699 147 2960
4705 146 2962
4712 145 2962
4717 144 2959
4722 143 2954
4724 142 2948
4723 141 2942
4720 140 2936
4715 139 2932
4710 138 2930
4703 137 2930
4698 136 2933
4693 135 2938
4691 134 2944
4687 133 2949
4685 132 2955
4686 131 2961
4689 130 2967
4693 129 2971
4699 128 2973
4706 127 2972
4711 126 2969
4715 125 2965
4717 124 2959
4717 123 2952
4714 122 2947
4709 121 2943
4707 120 2937
4706 119 2931
4708 118 2925
4712 117 2920
4718 116 2917
4724 115 2917
4730 114 2919
4735 113 2923
4738 112 2928
4742 111 2933
4748 110 2935
4755 109 2934
4760 108 2931
4764 107 2927
4766 106 2921
4766 105 2914
4763 104 2909
4763 103 2902
4765 102 2896
4769 101 2892
4775 100 2889
4781 99 2888
4787 98 2890
4792 97 2895
4794 96 2900
4795 95 2906
4798 94 2912
4802 93 2916
4808 92 2918
4815 91 2918
4820 90 2915
4824 89 2910
4826 88 2904
4826 87 2898
4823 86 2892
4823 85 2886
4825 84 2880
4829 83 2875
4834 82 2872
4841 81 2872
4847 80 2874
4853 79 2874
4859 78 2871
4863 77 2866
4865 76 2860
4864 75 2854
4861 74 2848
4857 73 2844
4851 72 2842
4846 71 2838
4843 70 2832
4843 69 2826
4845 68 2820
4849 67 2815
4854 66 2812
4861 65 2812
4867 64 2814
4871 63 2818
4874 62 2824
4875 61 2830
4873 60 2836
4873 59 2842
4876 58 2848
4881 57 2852
4887 56 2854
4893 55 2854
4899 54 2851
4903 53 2846
4905 52 2840
4904 51 2834
4906 50 2828
4910 49 2823
4916 48 2820
4922 47 2820
4928 46 2822
4933 45 2826
4936 44 2831
4936 43 2838
4934 42 2844
4930 41 2848
4925 40 2851
4921 39 2856
4919 38 2862
4919 37 2868
4922 36 2874
4927 35 2878
4933 34 2880
4939 33 2880
4945 32 2882
4950 31 2886
4952 30 2891
4953 29 2898
4951 28 2904
4947 27 2908
4941 26 2911
4937 25 2916
4935 24 2922
4935 23 2928
4938 22 2934
4943 21 2938
4949 20 2940
4955 19 2940
4961 18 2937
4965 17 2932
4967 16 2926
4967 15 2920
4964 14 2914
4963 13 2908
4965 12 2902
4969 11 2897
4975 10 2894
4981 9 2894
4987 8 2896
4992 7 2900
4995 6 2906
4995 5 2912
4993 4 2918
4994 3 2924
4997 2 2930
5001 1 2934
5007 0 2936
5014 -1 2935
5020 -2 2937
5024 -3 2941
5027 -4 2947
5028 -5 2953
5026 -6 2959
5021 -7 2964
5016 -8 2967
5010 -9 2967
5004 -10 2965
4997 -11 2966
4992 -12 2969
4988 -13 2973
4986 -14 2979
4986 -15 2986
4989 -16 2991
4989 -17 2998
4987 -18 3004
4983 -19 3008
4977 -20 3011
4971 -21 3012
4965 -22 3010
4959 -23 3010
4953 -24 3013
4949 -25 3018
4947 -26 3024
4948 -27 3030
4946 -28 3036
4942 -29 3041
4936 -30 3043
4930 -31 3044
4924 -32 3042
4917 -33 3042
4912 -34 3045
4908 -35 3050
4906 -36 3056
4906 -37 3062
4909 -38 3068
4914 -39 3072
4920 -40 3074
4926 -41 3074
4932 -42 3075
4937 -43 3080
4939 -44 3085
4940 -45 3092
4938 -46 3098
4934 -47 3102
4928 -48 3105
4922 -49 3106
4916 -50 3104
4911 -51 3099
4908 -52 3094
4904 -53 3090
4898 -54 3088
4891 -55 3088
4886 -56 3091
4881 -57 3096
4879 -58 3102
4875 -59 3106
4870 -60 3109
4863 -61 3110
4857 -62 3108
4853 -63 3104
4850 -64 3098
